layout_spectrum: 0.421147
typography_spectrum: 0.8464346
color:
  saturation: 0.1750699
  brandStrength: 0.6684588
  lightness: 0.7375515
  rhythmicContrast: 0.6592316
name: Hw
